(kicad_pcb (version 20171130) (host pcbnew "(2017-12-31 revision 11d1188fd)-master")

  (general
    (thickness 1.6)
    (drawings 23)
    (tracks 107)
    (zones 0)
    (modules 91)
    (nets 113)
  )

  (page A4 portrait)
  (layers
    (0 F.Cu signal)
    (31 B.Cu signal)
    (32 B.Adhes user)
    (33 F.Adhes user)
    (34 B.Paste user)
    (35 F.Paste user)
    (36 B.SilkS user)
    (37 F.SilkS user)
    (38 B.Mask user)
    (39 F.Mask user)
    (40 Dwgs.User user)
    (41 Cmts.User user)
    (42 Eco1.User user)
    (43 Eco2.User user)
    (44 Edge.Cuts user)
    (45 Margin user)
    (46 B.CrtYd user)
    (47 F.CrtYd user)
    (48 B.Fab user)
    (49 F.Fab user)
  )

  (setup
    (last_trace_width 0.18)
    (trace_clearance 0.2)
    (zone_clearance 0.508)
    (zone_45_only no)
    (trace_min 0.1)
    (segment_width 0.2)
    (edge_width 0.15)
    (via_size 0.44)
    (via_drill 0.3)
    (via_min_size 0.4)
    (via_min_drill 0.3)
    (uvia_size 0.44)
    (uvia_drill 0.1)
    (uvias_allowed no)
    (uvia_min_size 0.2)
    (uvia_min_drill 0.1)
    (pcb_text_width 0.3)
    (pcb_text_size 1.5 1.5)
    (mod_edge_width 0.15)
    (mod_text_size 1 1)
    (mod_text_width 0.15)
    (pad_size 1 0.2)
    (pad_drill 0)
    (pad_to_mask_clearance 0.2)
    (aux_axis_origin 38.7858 34.6186)
    (visible_elements FFFFFF7F)
    (pcbplotparams
      (layerselection 0x010fc_ffffffff)
      (usegerberextensions false)
      (usegerberattributes false)
      (usegerberadvancedattributes false)
      (creategerberjobfile false)
      (excludeedgelayer true)
      (linewidth 0.100000)
      (plotframeref false)
      (viasonmask false)
      (mode 1)
      (useauxorigin false)
      (hpglpennumber 1)
      (hpglpenspeed 20)
      (hpglpendiameter 15)
      (psnegative false)
      (psa4output false)
      (plotreference true)
      (plotvalue true)
      (plotinvisibletext false)
      (padsonsilk false)
      (subtractmaskfromsilk false)
      (outputformat 1)
      (mirror false)
      (drillshape 1)
      (scaleselection 1)
      (outputdirectory ""))
  )

  (net 0 "")
  (net 1 /MCSI_SDA)
  (net 2 /MCSI_SCL)
  (net 3 +3V3)
  (net 4 +1V2)
  (net 5 +1V8)
  (net 6 "Net-(C2-Pad1)")
  (net 7 "Net-(C1-Pad1)")
  (net 8 "Net-(C3-Pad1)")
  (net 9 "Net-(C4-Pad1)")
  (net 10 /RESET)
  (net 11 "Net-(C5-Pad1)")
  (net 12 GND)
  (net 13 /MCSI_D0P)
  (net 14 /MCSI_D0N)
  (net 15 /MCSI_D1P)
  (net 16 /MCSI_D1N)
  (net 17 /MCSI_CKP)
  (net 18 /MCSI_CKN)
  (net 19 /ETH_LINK_LED)
  (net 20 /ETH_SPD_LED)
  (net 21 /ETH_RXN)
  (net 22 /ETH_RXP)
  (net 23 /ETH_TXN)
  (net 24 /ETH_TXP)
  (net 25 "Net-(C18-Pad1)")
  (net 26 "Net-(C19-Pad1)")
  (net 27 /MCSI_MCLK)
  (net 28 /LCD_BL_W)
  (net 29 /LCD_BL_R)
  (net 30 "Net-(C7-Pad1)")
  (net 31 GNDA)
  (net 32 VBUS)
  (net 33 "Net-(C9-Pad1)")
  (net 34 /MCSI_IO0)
  (net 35 /MCSI_IO1)
  (net 36 "Net-(J4-Pad29)")
  (net 37 /R5)
  (net 38 /R4)
  (net 39 /R3)
  (net 40 /R2)
  (net 41 /R1)
  (net 42 /G5)
  (net 43 /G4)
  (net 44 /G3)
  (net 45 /G2)
  (net 46 /G1)
  (net 47 /G0)
  (net 48 /B5)
  (net 49 /B4)
  (net 50 /B3)
  (net 51 /B2)
  (net 52 /B1)
  (net 53 /B0)
  (net 54 /VSYNC)
  (net 55 /HSYNC)
  (net 56 /ENAB)
  (net 57 /DCLK)
  (net 58 /USB_DN)
  (net 59 /USB_DP)
  (net 60 "Net-(R17-Pad2)")
  (net 61 "Net-(R18-Pad2)")
  (net 62 "Net-(L4-Pad1)")
  (net 63 "Net-(L3-Pad1)")
  (net 64 "Net-(L2-Pad1)")
  (net 65 "Net-(R15-Pad2)")
  (net 66 "Net-(J4-Pad35)")
  (net 67 +12V)
  (net 68 "Net-(J5-Pad3)")
  (net 69 "Net-(J5-Pad1)")
  (net 70 "Net-(J5-Pad2)")
  (net 71 "Net-(C44-Pad2)")
  (net 72 "Net-(J2-PadGA)")
  (net 73 "Net-(J2-PadYA)")
  (net 74 +3V0)
  (net 75 "Net-(C46-Pad1)")
  (net 76 "Net-(D1-Pad1)")
  (net 77 /R0)
  (net 78 "Net-(R1-Pad1)")
  (net 79 "Net-(R5-Pad2)")
  (net 80 "Net-(U4-Pad100)")
  (net 81 "Net-(U4-Pad113)")
  (net 82 "Net-(U4-Pad114)")
  (net 83 "Net-(U4-Pad117)")
  (net 84 "Net-(U4-Pad118)")
  (net 85 "Net-(U4-Pad119)")
  (net 86 "Net-(U4-Pad124)")
  (net 87 "Net-(U4-Pad125)")
  (net 88 /UART2_TX)
  (net 89 /UART2_RX)
  (net 90 /UART2_RTS)
  (net 91 /UART2_CTS)
  (net 92 /I2C0_SCL)
  (net 93 /I2C0_SDA)
  (net 94 /UART0_TX)
  (net 95 /UART0_RX)
  (net 96 /SDC0_D1)
  (net 97 /SDC0_D0)
  (net 98 /SDC0_CLK)
  (net 99 /SDC0_CMD)
  (net 100 /SDC0_D3)
  (net 101 /SDC0_D2)
  (net 102 /SDC1_D2)
  (net 103 /SDC1_D1)
  (net 104 /SDC1_D0)
  (net 105 /SDC1_CMD)
  (net 106 /SDC1_CLK)
  (net 107 /SDC1_D3)
  (net 108 /SPI_CS)
  (net 109 /SPI_MISO)
  (net 110 /SPI_MOSI)
  (net 111 /SPI_SCK)
  (net 112 "Net-(D2-Pad2)")

  (net_class Default "This is the default net class."
    (clearance 0.2)
    (trace_width 0.18)
    (via_dia 0.44)
    (via_drill 0.3)
    (uvia_dia 0.44)
    (uvia_drill 0.1)
    (diff_pair_gap 0.22)
    (diff_pair_width 0.18)
    (add_net +12V)
    (add_net +1V2)
    (add_net +1V8)
    (add_net +3V0)
    (add_net +3V3)
    (add_net /B0)
    (add_net /B1)
    (add_net /B2)
    (add_net /B3)
    (add_net /B4)
    (add_net /B5)
    (add_net /DCLK)
    (add_net /ENAB)
    (add_net /ETH_LINK_LED)
    (add_net /ETH_RXN)
    (add_net /ETH_RXP)
    (add_net /ETH_SPD_LED)
    (add_net /ETH_TXN)
    (add_net /ETH_TXP)
    (add_net /G0)
    (add_net /G1)
    (add_net /G2)
    (add_net /G3)
    (add_net /G4)
    (add_net /G5)
    (add_net /HSYNC)
    (add_net /I2C0_SCL)
    (add_net /I2C0_SDA)
    (add_net /LCD_BL_R)
    (add_net /LCD_BL_W)
    (add_net /MCSI_CKN)
    (add_net /MCSI_CKP)
    (add_net /MCSI_D0N)
    (add_net /MCSI_D0P)
    (add_net /MCSI_D1N)
    (add_net /MCSI_D1P)
    (add_net /MCSI_IO0)
    (add_net /MCSI_IO1)
    (add_net /MCSI_MCLK)
    (add_net /MCSI_SCL)
    (add_net /MCSI_SDA)
    (add_net /R0)
    (add_net /R1)
    (add_net /R2)
    (add_net /R3)
    (add_net /R4)
    (add_net /R5)
    (add_net /RESET)
    (add_net /SDC0_CLK)
    (add_net /SDC0_CMD)
    (add_net /SDC0_D0)
    (add_net /SDC0_D1)
    (add_net /SDC0_D2)
    (add_net /SDC0_D3)
    (add_net /SDC1_CLK)
    (add_net /SDC1_CMD)
    (add_net /SDC1_D0)
    (add_net /SDC1_D1)
    (add_net /SDC1_D2)
    (add_net /SDC1_D3)
    (add_net /SPI_CS)
    (add_net /SPI_MISO)
    (add_net /SPI_MOSI)
    (add_net /SPI_SCK)
    (add_net /UART0_RX)
    (add_net /UART0_TX)
    (add_net /UART2_CTS)
    (add_net /UART2_RTS)
    (add_net /UART2_RX)
    (add_net /UART2_TX)
    (add_net /USB_DN)
    (add_net /USB_DP)
    (add_net /VSYNC)
    (add_net GND)
    (add_net GNDA)
    (add_net "Net-(C1-Pad1)")
    (add_net "Net-(C18-Pad1)")
    (add_net "Net-(C19-Pad1)")
    (add_net "Net-(C2-Pad1)")
    (add_net "Net-(C3-Pad1)")
    (add_net "Net-(C4-Pad1)")
    (add_net "Net-(C44-Pad2)")
    (add_net "Net-(C46-Pad1)")
    (add_net "Net-(C5-Pad1)")
    (add_net "Net-(C7-Pad1)")
    (add_net "Net-(C9-Pad1)")
    (add_net "Net-(D1-Pad1)")
    (add_net "Net-(D2-Pad2)")
    (add_net "Net-(J2-PadGA)")
    (add_net "Net-(J2-PadYA)")
    (add_net "Net-(J4-Pad29)")
    (add_net "Net-(J4-Pad35)")
    (add_net "Net-(J5-Pad1)")
    (add_net "Net-(J5-Pad2)")
    (add_net "Net-(J5-Pad3)")
    (add_net "Net-(L2-Pad1)")
    (add_net "Net-(L3-Pad1)")
    (add_net "Net-(L4-Pad1)")
    (add_net "Net-(R1-Pad1)")
    (add_net "Net-(R15-Pad2)")
    (add_net "Net-(R17-Pad2)")
    (add_net "Net-(R18-Pad2)")
    (add_net "Net-(R5-Pad2)")
    (add_net "Net-(U4-Pad100)")
    (add_net "Net-(U4-Pad113)")
    (add_net "Net-(U4-Pad114)")
    (add_net "Net-(U4-Pad117)")
    (add_net "Net-(U4-Pad118)")
    (add_net "Net-(U4-Pad119)")
    (add_net "Net-(U4-Pad124)")
    (add_net "Net-(U4-Pad125)")
    (add_net VBUS)
  )

  (module Inductor_SMD:L_0805_2012Metric (layer F.Cu) (tedit 59FE48B8) (tstamp 5ACAE5CA)
    (at 43.37 191.385 270)
    (descr "Inductor SMD 0805 (2012 Metric), square (rectangular) end terminal, IPC_7351 nominal, (Body size source: http://www.tortai-tech.com/upload/download/2011102023233369053.pdf), generated with kicad-footprint-generator")
    (tags inductor)
    (path /5A7CC78A)
    (attr smd)
    (fp_text reference L1 (at 0 -1.85 270) (layer F.SilkS)
      (effects (font (size 1 1) (thickness 0.15)))
    )
    (fp_text value 10u (at 0 1.85 270) (layer F.Fab)
      (effects (font (size 1 1) (thickness 0.15)))
    )
    (fp_line (start -1 0.6) (end -1 -0.6) (layer F.Fab) (width 0.1))
    (fp_line (start -1 -0.6) (end 1 -0.6) (layer F.Fab) (width 0.1))
    (fp_line (start 1 -0.6) (end 1 0.6) (layer F.Fab) (width 0.1))
    (fp_line (start 1 0.6) (end -1 0.6) (layer F.Fab) (width 0.1))
    (fp_line (start -0.15 -0.71) (end 0.15 -0.71) (layer F.SilkS) (width 0.12))
    (fp_line (start -0.15 0.71) (end 0.15 0.71) (layer F.SilkS) (width 0.12))
    (fp_line (start -1.69 1) (end -1.69 -1) (layer F.CrtYd) (width 0.05))
    (fp_line (start -1.69 -1) (end 1.69 -1) (layer F.CrtYd) (width 0.05))
    (fp_line (start 1.69 -1) (end 1.69 1) (layer F.CrtYd) (width 0.05))
    (fp_line (start 1.69 1) (end -1.69 1) (layer F.CrtYd) (width 0.05))
    (fp_text user %R (at 0 0 270) (layer F.Fab)
      (effects (font (size 0.5 0.5) (thickness 0.08)))
    )
    (pad 1 smd rect (at -0.955 0 270) (size 0.97 1.5) (layers F.Cu F.Paste F.Mask)
      (net 3 +3V3))
    (pad 2 smd rect (at 0.955 0 270) (size 0.97 1.5) (layers F.Cu F.Paste F.Mask)
      (net 25 "Net-(C18-Pad1)"))
    (model ${KISYS3DMOD}/Inductor_SMD.3dshapes/L_0805_2012Metric.wrl
      (at (xyz 0 0 0))
      (scale (xyz 1 1 1))
      (rotate (xyz 0 0 0))
    )
  )

  (module Connector_Card:microSD_HC_Wuerth_693072010801 (layer F.Cu) (tedit 5A1DBFB5) (tstamp 5AC0E400)
    (at 48.92 80.67 45)
    (descr http://katalog.we-online.de/em/datasheet/693072010801.pdf)
    (tags "Micro SD Wuerth Wurth Würth")
    (path /5A8E13AC)
    (attr smd)
    (fp_text reference J7 (at 0 -7.99 45) (layer F.SilkS)
      (effects (font (size 1 1) (thickness 0.15)))
    )
    (fp_text value Micro_SD_Card (at 0 9.22 45) (layer F.Fab)
      (effects (font (size 1 1) (thickness 0.15)))
    )
    (fp_text user %R (at 0 1.15 45) (layer F.Fab)
      (effects (font (size 1 1) (thickness 0.15)))
    )
    (fp_line (start -6.8 8) (end 6.8 8) (layer F.Fab) (width 0.1))
    (fp_line (start -6.8 -5.7) (end -6.8 8) (layer F.Fab) (width 0.1))
    (fp_line (start 6.8 -5.7) (end -6.8 -5.7) (layer F.Fab) (width 0.1))
    (fp_line (start 6.8 8) (end 6.8 -5.7) (layer F.Fab) (width 0.1))
    (fp_line (start 5 -6.61) (end 5.5 -6.71) (layer F.SilkS) (width 0.12))
    (fp_line (start 3.7 -6.31) (end 5 -6.61) (layer F.SilkS) (width 0.12))
    (fp_line (start 2.199999 -6.11) (end 3.7 -6.31) (layer F.SilkS) (width 0.12))
    (fp_line (start 0.9 -6.01) (end 2.199999 -6.11) (layer F.SilkS) (width 0.12))
    (fp_line (start -0.9 -6.01) (end 0.9 -6.01) (layer F.SilkS) (width 0.12))
    (fp_line (start -2.199999 -6.11) (end -0.9 -6.01) (layer F.SilkS) (width 0.12))
    (fp_line (start -3 -6.21) (end -2.199999 -6.11) (layer F.SilkS) (width 0.12))
    (fp_line (start -4.7 -6.51) (end -3 -6.21) (layer F.SilkS) (width 0.12))
    (fp_line (start -5.5 -6.71) (end -4.7 -6.51) (layer F.SilkS) (width 0.12))
    (fp_line (start -4.999999 -7.31) (end 4.999999 -7.31) (layer F.SilkS) (width 0.12))
    (fp_line (start -5.5 -5.81) (end -5.5 -6.81) (layer F.SilkS) (width 0.12))
    (fp_line (start 5.5 -5.81) (end 5.5 -6.81) (layer F.SilkS) (width 0.12))
    (fp_line (start -6.909999 -5.81) (end 6.909999 -5.81) (layer F.SilkS) (width 0.12))
    (fp_line (start 6.91 8.11) (end -6.91 8.11) (layer F.SilkS) (width 0.12))
    (fp_line (start 6.91 5.41) (end 6.91 8.11) (layer F.SilkS) (width 0.12))
    (fp_line (start 6.909999 -5.81) (end 6.91 -5.41) (layer F.SilkS) (width 0.12))
    (fp_line (start 6.909999 -2.89) (end 6.909999 2.89) (layer F.SilkS) (width 0.12))
    (fp_line (start -6.91 5.41) (end -6.91 8.11) (layer F.SilkS) (width 0.12))
    (fp_line (start -6.909999 -2.89) (end -6.909999 2.89) (layer F.SilkS) (width 0.12))
    (fp_line (start -6.909999 -5.81) (end -6.91 -5.41) (layer F.SilkS) (width 0.12))
    (fp_line (start 8.08 -6.2) (end 8.08 8.5) (layer F.CrtYd) (width 0.05))
    (fp_line (start 8.08 -6.2) (end -8.08 -6.2) (layer F.CrtYd) (width 0.05))
    (fp_line (start 8.08 8.5) (end -8.08 8.5) (layer F.CrtYd) (width 0.05))
    (fp_line (start -8.08 -6.2) (end -8.08 8.5) (layer F.CrtYd) (width 0.05))
    (fp_arc (start 5 -6.81) (end 4.999999 -7.31) (angle 90) (layer F.SilkS) (width 0.12))
    (fp_arc (start -5 -6.81) (end -5.5 -6.81) (angle 90) (layer F.SilkS) (width 0.12))
    (pad 9 smd rect (at 6.875 -4.15 45) (size 1.45 2) (layers F.Cu F.Paste F.Mask)
      (net 12 GND))
    (pad 9 smd rect (at -6.875 -4.15 45) (size 1.45 2) (layers F.Cu F.Paste F.Mask)
      (net 12 GND))
    (pad 9 smd rect (at -6.875 4.15 45) (size 1.45 2) (layers F.Cu F.Paste F.Mask)
      (net 12 GND))
    (pad 9 smd rect (at 6.875 4.15 45) (size 1.45 2) (layers F.Cu F.Paste F.Mask)
      (net 12 GND))
    (pad 8 smd rect (at 4.5 -1.55 45) (size 0.8 1.5) (layers F.Cu F.Paste F.Mask)
      (net 96 /SDC0_D1))
    (pad 7 smd rect (at 3.400001 -1.55 45) (size 0.8 1.5) (layers F.Cu F.Paste F.Mask)
      (net 97 /SDC0_D0))
    (pad 6 smd rect (at 2.3 -1.55 45) (size 0.8 1.5) (layers F.Cu F.Paste F.Mask)
      (net 12 GND))
    (pad 5 smd rect (at 1.200001 -1.55 45) (size 0.8 1.5) (layers F.Cu F.Paste F.Mask)
      (net 98 /SDC0_CLK))
    (pad 4 smd rect (at 0.1 -1.55 45) (size 0.8 1.5) (layers F.Cu F.Paste F.Mask)
      (net 3 +3V3))
    (pad 3 smd rect (at -1 -1.55 45) (size 0.8 1.5) (layers F.Cu F.Paste F.Mask)
      (net 99 /SDC0_CMD))
    (pad 2 smd rect (at -2.1 -1.55 45) (size 0.8 1.5) (layers F.Cu F.Paste F.Mask)
      (net 100 /SDC0_D3))
    (pad 1 smd rect (at -3.2 -1.55 45) (size 0.8 1.5) (layers F.Cu F.Paste F.Mask)
      (net 101 /SDC0_D2))
    (model ${KISYS3DMOD}/Connector_Card.3dshapes/microSD_HC_Wuerth_693072010801.wrl
      (offset (xyz 0 -1.149999983968733 0))
      (scale (xyz 1 1 1))
      (rotate (xyz 0 0 0))
    )
  )

  (module Package_SOIC:SOIC-8-1EP_3.9x4.9mm_P1.27mm (layer F.Cu) (tedit 5A02F2D3) (tstamp 5AC0E083)
    (at 79.09 125.25 45)
    (descr "8-Lead Thermally Enhanced Plastic Small Outline (SE) - Narrow, 3.90 mm Body [SOIC] (see Microchip Packaging Specification 00000049BS.pdf)")
    (tags "SOIC 1.27")
    (path /5ACDCEB1)
    (attr smd)
    (fp_text reference U5 (at 0 -3.5 45) (layer F.SilkS)
      (effects (font (size 1 1) (thickness 0.15)))
    )
    (fp_text value GD5F1GQ4UAYIG (at 0 3.5 45) (layer F.Fab)
      (effects (font (size 1 1) (thickness 0.15)))
    )
    (fp_text user %R (at 0 0 45) (layer F.Fab)
      (effects (font (size 0.9 0.9) (thickness 0.135)))
    )
    (fp_line (start -0.95 -2.45) (end 1.95 -2.45) (layer F.Fab) (width 0.15))
    (fp_line (start 1.95 -2.45) (end 1.95 2.45) (layer F.Fab) (width 0.15))
    (fp_line (start 1.95 2.45) (end -1.95 2.45) (layer F.Fab) (width 0.15))
    (fp_line (start -1.95 2.45) (end -1.95 -1.45) (layer F.Fab) (width 0.15))
    (fp_line (start -1.95 -1.45) (end -0.95 -2.45) (layer F.Fab) (width 0.15))
    (fp_line (start -3.75 -2.75) (end -3.75 2.75) (layer F.CrtYd) (width 0.05))
    (fp_line (start 3.75 -2.75) (end 3.75 2.75) (layer F.CrtYd) (width 0.05))
    (fp_line (start -3.75 -2.75) (end 3.75 -2.75) (layer F.CrtYd) (width 0.05))
    (fp_line (start -3.75 2.75) (end 3.75 2.75) (layer F.CrtYd) (width 0.05))
    (fp_line (start -2.075001 -2.575) (end -2.075 -2.525) (layer F.SilkS) (width 0.15))
    (fp_line (start 2.075001 -2.575) (end 2.075 -2.43) (layer F.SilkS) (width 0.15))
    (fp_line (start 2.075001 2.575) (end 2.075 2.43) (layer F.SilkS) (width 0.15))
    (fp_line (start -2.075001 2.575) (end -2.075 2.43) (layer F.SilkS) (width 0.15))
    (fp_line (start -2.075001 -2.575) (end 2.075001 -2.575) (layer F.SilkS) (width 0.15))
    (fp_line (start -2.075001 2.575) (end 2.075001 2.575) (layer F.SilkS) (width 0.15))
    (fp_line (start -2.075 -2.525) (end -3.475 -2.525001) (layer F.SilkS) (width 0.15))
    (pad 1 smd rect (at -2.7 -1.905 45) (size 1.55 0.6) (layers F.Cu F.Paste F.Mask)
      (net 108 /SPI_CS))
    (pad 2 smd rect (at -2.7 -0.635 45) (size 1.55 0.6) (layers F.Cu F.Paste F.Mask)
      (net 109 /SPI_MISO))
    (pad 3 smd rect (at -2.7 0.635 45) (size 1.55 0.6) (layers F.Cu F.Paste F.Mask)
      (net 3 +3V3))
    (pad 4 smd rect (at -2.7 1.905 45) (size 1.55 0.6) (layers F.Cu F.Paste F.Mask)
      (net 12 GND))
    (pad 5 smd rect (at 2.7 1.905 45) (size 1.55 0.6) (layers F.Cu F.Paste F.Mask)
      (net 110 /SPI_MOSI))
    (pad 6 smd rect (at 2.7 0.635 45) (size 1.55 0.6) (layers F.Cu F.Paste F.Mask)
      (net 111 /SPI_SCK))
    (pad 7 smd rect (at 2.7 -0.635 45) (size 1.55 0.6) (layers F.Cu F.Paste F.Mask)
      (net 3 +3V3))
    (pad 8 smd rect (at 2.7 -1.905 45) (size 1.55 0.6) (layers F.Cu F.Paste F.Mask)
      (net 3 +3V3))
    (pad 9 smd rect (at 0.5875 0.5875 45) (size 1.175 1.175) (layers F.Cu F.Paste F.Mask)
      (solder_paste_margin_ratio -0.2))
    (pad 9 smd rect (at 0.5875 -0.5875 45) (size 1.175 1.175) (layers F.Cu F.Paste F.Mask)
      (solder_paste_margin_ratio -0.2))
    (pad 9 smd rect (at -0.5875 0.5875 45) (size 1.175 1.175) (layers F.Cu F.Paste F.Mask)
      (solder_paste_margin_ratio -0.2))
    (pad 9 smd rect (at -0.5875 -0.5875 45) (size 1.175 1.175) (layers F.Cu F.Paste F.Mask)
      (solder_paste_margin_ratio -0.2))
    (model ${KISYS3DMOD}/Package_SOIC.3dshapes/SOIC-8-1EP_3.9x4.9mm_P1.27mm.wrl
      (at (xyz 0 0 0))
      (scale (xyz 1 1 1))
      (rotate (xyz 0 0 0))
    )
  )

  (module Capacitor_SMD:C_0603_1608Metric (layer B.Cu) (tedit 59FE48B8) (tstamp 5AC0E9D0)
    (at 66.048718 107.626282 225)
    (descr "Capacitor SMD 0603 (1608 Metric), square (rectangular) end terminal, IPC_7351 nominal, (Body size source: http://www.tortai-tech.com/upload/download/2011102023233369053.pdf), generated with kicad-footprint-generator")
    (tags capacitor)
    (path /5A6A0872)
    (attr smd)
    (fp_text reference C16 (at 0 1.65 225) (layer B.SilkS)
      (effects (font (size 1 1) (thickness 0.15)) (justify mirror))
    )
    (fp_text value 100n (at 0 -1.65 225) (layer B.Fab)
      (effects (font (size 1 1) (thickness 0.15)) (justify mirror))
    )
    (fp_line (start -0.8 -0.4) (end -0.8 0.4) (layer B.Fab) (width 0.1))
    (fp_line (start -0.8 0.4) (end 0.8 0.4) (layer B.Fab) (width 0.1))
    (fp_line (start 0.8 0.4) (end 0.8 -0.4) (layer B.Fab) (width 0.1))
    (fp_line (start 0.8 -0.4) (end -0.8 -0.4) (layer B.Fab) (width 0.1))
    (fp_line (start -0.22 0.51) (end 0.22 0.51) (layer B.SilkS) (width 0.12))
    (fp_line (start -0.22 -0.51) (end 0.22 -0.51) (layer B.SilkS) (width 0.12))
    (fp_line (start -1.46 -0.75) (end -1.46 0.75) (layer B.CrtYd) (width 0.05))
    (fp_line (start -1.46 0.75) (end 1.46 0.75) (layer B.CrtYd) (width 0.05))
    (fp_line (start 1.46 0.75) (end 1.46 -0.75) (layer B.CrtYd) (width 0.05))
    (fp_line (start 1.46 -0.75) (end -1.46 -0.75) (layer B.CrtYd) (width 0.05))
    (fp_text user %R (at 0 0 225) (layer B.Fab)
      (effects (font (size 0.5 0.5) (thickness 0.08)) (justify mirror))
    )
    (pad 1 smd rect (at -0.874999 0 225) (size 0.67 1) (layers B.Cu B.Paste B.Mask)
      (net 4 +1V2))
    (pad 2 smd rect (at 0.874999 0 225) (size 0.67 1) (layers B.Cu B.Paste B.Mask)
      (net 12 GND))
    (model ${KISYS3DMOD}/Capacitor_SMD.3dshapes/C_0603_1608Metric.wrl
      (at (xyz 0 0 0))
      (scale (xyz 1 1 1))
      (rotate (xyz 0 0 0))
    )
  )

  (module Capacitor_SMD:C_0603_1608Metric (layer B.Cu) (tedit 59FE48B8) (tstamp 5AC0E802)
    (at 62.911282 107.776282 315)
    (descr "Capacitor SMD 0603 (1608 Metric), square (rectangular) end terminal, IPC_7351 nominal, (Body size source: http://www.tortai-tech.com/upload/download/2011102023233369053.pdf), generated with kicad-footprint-generator")
    (tags capacitor)
    (path /5A9CD270)
    (attr smd)
    (fp_text reference C48 (at 0 1.65 315) (layer B.SilkS)
      (effects (font (size 1 1) (thickness 0.15)) (justify mirror))
    )
    (fp_text value 100n (at 0 -1.65 315) (layer B.Fab)
      (effects (font (size 1 1) (thickness 0.15)) (justify mirror))
    )
    (fp_text user %R (at 0 0 315) (layer B.Fab)
      (effects (font (size 0.5 0.5) (thickness 0.08)) (justify mirror))
    )
    (fp_line (start 1.46 -0.75) (end -1.46 -0.75) (layer B.CrtYd) (width 0.05))
    (fp_line (start 1.46 0.75) (end 1.46 -0.75) (layer B.CrtYd) (width 0.05))
    (fp_line (start -1.46 0.75) (end 1.46 0.75) (layer B.CrtYd) (width 0.05))
    (fp_line (start -1.46 -0.75) (end -1.46 0.75) (layer B.CrtYd) (width 0.05))
    (fp_line (start -0.22 -0.51) (end 0.22 -0.51) (layer B.SilkS) (width 0.12))
    (fp_line (start -0.22 0.51) (end 0.22 0.51) (layer B.SilkS) (width 0.12))
    (fp_line (start 0.8 -0.4) (end -0.8 -0.4) (layer B.Fab) (width 0.1))
    (fp_line (start 0.8 0.4) (end 0.8 -0.4) (layer B.Fab) (width 0.1))
    (fp_line (start -0.8 0.4) (end 0.8 0.4) (layer B.Fab) (width 0.1))
    (fp_line (start -0.8 -0.4) (end -0.8 0.4) (layer B.Fab) (width 0.1))
    (pad 2 smd rect (at 0.874999 0 315) (size 0.67 1) (layers B.Cu B.Paste B.Mask)
      (net 12 GND))
    (pad 1 smd rect (at -0.874999 0 315) (size 0.67 1) (layers B.Cu B.Paste B.Mask)
      (net 3 +3V3))
    (model ${KISYS3DMOD}/Capacitor_SMD.3dshapes/C_0603_1608Metric.wrl
      (at (xyz 0 0 0))
      (scale (xyz 1 1 1))
      (rotate (xyz 0 0 0))
    )
  )

  (module Capacitor_SMD:C_0603_1608Metric (layer F.Cu) (tedit 59FE48B8) (tstamp 5AC0EC2E)
    (at 59.436282 104.476282 135)
    (descr "Capacitor SMD 0603 (1608 Metric), square (rectangular) end terminal, IPC_7351 nominal, (Body size source: http://www.tortai-tech.com/upload/download/2011102023233369053.pdf), generated with kicad-footprint-generator")
    (tags capacitor)
    (path /5A9E287A)
    (attr smd)
    (fp_text reference C32 (at 0 -1.65 135) (layer F.SilkS)
      (effects (font (size 1 1) (thickness 0.15)))
    )
    (fp_text value 100n (at 0 1.65 135) (layer F.Fab)
      (effects (font (size 1 1) (thickness 0.15)))
    )
    (fp_line (start -0.8 0.4) (end -0.8 -0.4) (layer F.Fab) (width 0.1))
    (fp_line (start -0.8 -0.4) (end 0.8 -0.4) (layer F.Fab) (width 0.1))
    (fp_line (start 0.8 -0.4) (end 0.8 0.4) (layer F.Fab) (width 0.1))
    (fp_line (start 0.8 0.4) (end -0.8 0.4) (layer F.Fab) (width 0.1))
    (fp_line (start -0.22 -0.51) (end 0.22 -0.51) (layer F.SilkS) (width 0.12))
    (fp_line (start -0.22 0.51) (end 0.22 0.51) (layer F.SilkS) (width 0.12))
    (fp_line (start -1.46 0.75) (end -1.46 -0.75) (layer F.CrtYd) (width 0.05))
    (fp_line (start -1.46 -0.75) (end 1.46 -0.75) (layer F.CrtYd) (width 0.05))
    (fp_line (start 1.46 -0.75) (end 1.46 0.75) (layer F.CrtYd) (width 0.05))
    (fp_line (start 1.46 0.75) (end -1.46 0.75) (layer F.CrtYd) (width 0.05))
    (fp_text user %R (at 0 0 135) (layer F.Fab)
      (effects (font (size 0.5 0.5) (thickness 0.08)))
    )
    (pad 1 smd rect (at -0.874999 0 135) (size 0.67 1) (layers F.Cu F.Paste F.Mask)
      (net 3 +3V3))
    (pad 2 smd rect (at 0.874999 0 135) (size 0.67 1) (layers F.Cu F.Paste F.Mask)
      (net 12 GND))
    (model ${KISYS3DMOD}/Capacitor_SMD.3dshapes/C_0603_1608Metric.wrl
      (at (xyz 0 0 0))
      (scale (xyz 1 1 1))
      (rotate (xyz 0 0 0))
    )
  )

  (module Capacitor_SMD:C_0603_1608Metric (layer B.Cu) (tedit 59FE48B8) (tstamp 5AC0E709)
    (at 60.061282 110.651282 315)
    (descr "Capacitor SMD 0603 (1608 Metric), square (rectangular) end terminal, IPC_7351 nominal, (Body size source: http://www.tortai-tech.com/upload/download/2011102023233369053.pdf), generated with kicad-footprint-generator")
    (tags capacitor)
    (path /5A67B1B4)
    (attr smd)
    (fp_text reference C31 (at 0 1.65 315) (layer B.SilkS)
      (effects (font (size 1 1) (thickness 0.15)) (justify mirror))
    )
    (fp_text value 100n (at 0 -1.65 315) (layer B.Fab)
      (effects (font (size 1 1) (thickness 0.15)) (justify mirror))
    )
    (fp_line (start -0.8 -0.4) (end -0.8 0.4) (layer B.Fab) (width 0.1))
    (fp_line (start -0.8 0.4) (end 0.8 0.4) (layer B.Fab) (width 0.1))
    (fp_line (start 0.8 0.4) (end 0.8 -0.4) (layer B.Fab) (width 0.1))
    (fp_line (start 0.8 -0.4) (end -0.8 -0.4) (layer B.Fab) (width 0.1))
    (fp_line (start -0.22 0.51) (end 0.22 0.51) (layer B.SilkS) (width 0.12))
    (fp_line (start -0.22 -0.51) (end 0.22 -0.51) (layer B.SilkS) (width 0.12))
    (fp_line (start -1.46 -0.75) (end -1.46 0.75) (layer B.CrtYd) (width 0.05))
    (fp_line (start -1.46 0.75) (end 1.46 0.75) (layer B.CrtYd) (width 0.05))
    (fp_line (start 1.46 0.75) (end 1.46 -0.75) (layer B.CrtYd) (width 0.05))
    (fp_line (start 1.46 -0.75) (end -1.46 -0.75) (layer B.CrtYd) (width 0.05))
    (fp_text user %R (at 0 0 315) (layer B.Fab)
      (effects (font (size 0.5 0.5) (thickness 0.08)) (justify mirror))
    )
    (pad 1 smd rect (at -0.874999 0 315) (size 0.67 1) (layers B.Cu B.Paste B.Mask)
      (net 74 +3V0))
    (pad 2 smd rect (at 0.874999 0 315) (size 0.67 1) (layers B.Cu B.Paste B.Mask)
      (net 12 GND))
    (model ${KISYS3DMOD}/Capacitor_SMD.3dshapes/C_0603_1608Metric.wrl
      (at (xyz 0 0 0))
      (scale (xyz 1 1 1))
      (rotate (xyz 0 0 0))
    )
  )

  (module Capacitor_SMD:C_0603_1608Metric (layer F.Cu) (tedit 59FE48B8) (tstamp 5AC0E31C)
    (at 60.248718 100.226282 45)
    (descr "Capacitor SMD 0603 (1608 Metric), square (rectangular) end terminal, IPC_7351 nominal, (Body size source: http://www.tortai-tech.com/upload/download/2011102023233369053.pdf), generated with kicad-footprint-generator")
    (tags capacitor)
    (path /5A62C730)
    (attr smd)
    (fp_text reference C28 (at 0 -1.65 45) (layer F.SilkS)
      (effects (font (size 1 1) (thickness 0.15)))
    )
    (fp_text value 1u (at 0 1.65 45) (layer F.Fab)
      (effects (font (size 1 1) (thickness 0.15)))
    )
    (fp_line (start -0.8 0.4) (end -0.8 -0.4) (layer F.Fab) (width 0.1))
    (fp_line (start -0.8 -0.4) (end 0.8 -0.4) (layer F.Fab) (width 0.1))
    (fp_line (start 0.8 -0.4) (end 0.8 0.4) (layer F.Fab) (width 0.1))
    (fp_line (start 0.8 0.4) (end -0.8 0.4) (layer F.Fab) (width 0.1))
    (fp_line (start -0.22 -0.51) (end 0.22 -0.51) (layer F.SilkS) (width 0.12))
    (fp_line (start -0.22 0.51) (end 0.22 0.51) (layer F.SilkS) (width 0.12))
    (fp_line (start -1.46 0.75) (end -1.46 -0.75) (layer F.CrtYd) (width 0.05))
    (fp_line (start -1.46 -0.75) (end 1.46 -0.75) (layer F.CrtYd) (width 0.05))
    (fp_line (start 1.46 -0.75) (end 1.46 0.75) (layer F.CrtYd) (width 0.05))
    (fp_line (start 1.46 0.75) (end -1.46 0.75) (layer F.CrtYd) (width 0.05))
    (fp_text user %R (at 0 0 45) (layer F.Fab)
      (effects (font (size 0.5 0.5) (thickness 0.08)))
    )
    (pad 1 smd rect (at -0.874999 0 45) (size 0.67 1) (layers F.Cu F.Paste F.Mask)
      (net 3 +3V3))
    (pad 2 smd rect (at 0.874999 0 45) (size 0.67 1) (layers F.Cu F.Paste F.Mask)
      (net 12 GND))
    (model ${KISYS3DMOD}/Capacitor_SMD.3dshapes/C_0603_1608Metric.wrl
      (at (xyz 0 0 0))
      (scale (xyz 1 1 1))
      (rotate (xyz 0 0 0))
    )
  )

  (module Capacitor_SMD:C_0603_1608Metric (layer B.Cu) (tedit 59FE48B8) (tstamp 5AC0E2AD)
    (at 59.498718 116.151282 45)
    (descr "Capacitor SMD 0603 (1608 Metric), square (rectangular) end terminal, IPC_7351 nominal, (Body size source: http://www.tortai-tech.com/upload/download/2011102023233369053.pdf), generated with kicad-footprint-generator")
    (tags capacitor)
    (path /5A62C2E3)
    (attr smd)
    (fp_text reference C30 (at 0 1.65 45) (layer B.SilkS)
      (effects (font (size 1 1) (thickness 0.15)) (justify mirror))
    )
    (fp_text value 100n (at 0 -1.65 45) (layer B.Fab)
      (effects (font (size 1 1) (thickness 0.15)) (justify mirror))
    )
    (fp_text user %R (at 0 0 45) (layer B.Fab)
      (effects (font (size 0.5 0.5) (thickness 0.08)) (justify mirror))
    )
    (fp_line (start 1.46 -0.75) (end -1.46 -0.75) (layer B.CrtYd) (width 0.05))
    (fp_line (start 1.46 0.75) (end 1.46 -0.75) (layer B.CrtYd) (width 0.05))
    (fp_line (start -1.46 0.75) (end 1.46 0.75) (layer B.CrtYd) (width 0.05))
    (fp_line (start -1.46 -0.75) (end -1.46 0.75) (layer B.CrtYd) (width 0.05))
    (fp_line (start -0.22 -0.51) (end 0.22 -0.51) (layer B.SilkS) (width 0.12))
    (fp_line (start -0.22 0.51) (end 0.22 0.51) (layer B.SilkS) (width 0.12))
    (fp_line (start 0.8 -0.4) (end -0.8 -0.4) (layer B.Fab) (width 0.1))
    (fp_line (start 0.8 0.4) (end 0.8 -0.4) (layer B.Fab) (width 0.1))
    (fp_line (start -0.8 0.4) (end 0.8 0.4) (layer B.Fab) (width 0.1))
    (fp_line (start -0.8 -0.4) (end -0.8 0.4) (layer B.Fab) (width 0.1))
    (pad 2 smd rect (at 0.874999 0 45) (size 0.67 1) (layers B.Cu B.Paste B.Mask)
      (net 12 GND))
    (pad 1 smd rect (at -0.874999 0 45) (size 0.67 1) (layers B.Cu B.Paste B.Mask)
      (net 3 +3V3))
    (model ${KISYS3DMOD}/Capacitor_SMD.3dshapes/C_0603_1608Metric.wrl
      (at (xyz 0 0 0))
      (scale (xyz 1 1 1))
      (rotate (xyz 0 0 0))
    )
  )

  (module Capacitor_SMD:C_0603_1608Metric (layer F.Cu) (tedit 59FE48B8) (tstamp 5AC0EB32)
    (at 72.298718 120.788718 315)
    (descr "Capacitor SMD 0603 (1608 Metric), square (rectangular) end terminal, IPC_7351 nominal, (Body size source: http://www.tortai-tech.com/upload/download/2011102023233369053.pdf), generated with kicad-footprint-generator")
    (tags capacitor)
    (path /5A62C800)
    (attr smd)
    (fp_text reference C29 (at 0 -1.65 315) (layer F.SilkS)
      (effects (font (size 1 1) (thickness 0.15)))
    )
    (fp_text value 1u (at 0 1.65 315) (layer F.Fab)
      (effects (font (size 1 1) (thickness 0.15)))
    )
    (fp_line (start -0.8 0.4) (end -0.8 -0.4) (layer F.Fab) (width 0.1))
    (fp_line (start -0.8 -0.4) (end 0.8 -0.4) (layer F.Fab) (width 0.1))
    (fp_line (start 0.8 -0.4) (end 0.8 0.4) (layer F.Fab) (width 0.1))
    (fp_line (start 0.8 0.4) (end -0.8 0.4) (layer F.Fab) (width 0.1))
    (fp_line (start -0.22 -0.51) (end 0.22 -0.51) (layer F.SilkS) (width 0.12))
    (fp_line (start -0.22 0.51) (end 0.22 0.51) (layer F.SilkS) (width 0.12))
    (fp_line (start -1.46 0.75) (end -1.46 -0.75) (layer F.CrtYd) (width 0.05))
    (fp_line (start -1.46 -0.75) (end 1.46 -0.75) (layer F.CrtYd) (width 0.05))
    (fp_line (start 1.46 -0.75) (end 1.46 0.75) (layer F.CrtYd) (width 0.05))
    (fp_line (start 1.46 0.75) (end -1.46 0.75) (layer F.CrtYd) (width 0.05))
    (fp_text user %R (at 0 0 315) (layer F.Fab)
      (effects (font (size 0.5 0.5) (thickness 0.08)))
    )
    (pad 1 smd rect (at -0.874999 0 315) (size 0.67 1) (layers F.Cu F.Paste F.Mask)
      (net 3 +3V3))
    (pad 2 smd rect (at 0.874999 0 315) (size 0.67 1) (layers F.Cu F.Paste F.Mask)
      (net 12 GND))
    (model ${KISYS3DMOD}/Capacitor_SMD.3dshapes/C_0603_1608Metric.wrl
      (at (xyz 0 0 0))
      (scale (xyz 1 1 1))
      (rotate (xyz 0 0 0))
    )
  )

  (module Capacitor_SMD:C_0603_1608Metric (layer F.Cu) (tedit 59FE48B8) (tstamp 5ACF46AB)
    (at 47.525 195.2 180)
    (descr "Capacitor SMD 0603 (1608 Metric), square (rectangular) end terminal, IPC_7351 nominal, (Body size source: http://www.tortai-tech.com/upload/download/2011102023233369053.pdf), generated with kicad-footprint-generator")
    (tags capacitor)
    (path /5A79D22A)
    (attr smd)
    (fp_text reference C19 (at 0 -1.65 180) (layer F.SilkS)
      (effects (font (size 1 1) (thickness 0.15)))
    )
    (fp_text value 100n (at 0 1.65 180) (layer F.Fab)
      (effects (font (size 1 1) (thickness 0.15)))
    )
    (fp_line (start -0.8 0.4) (end -0.8 -0.4) (layer F.Fab) (width 0.1))
    (fp_line (start -0.8 -0.4) (end 0.8 -0.4) (layer F.Fab) (width 0.1))
    (fp_line (start 0.8 -0.4) (end 0.8 0.4) (layer F.Fab) (width 0.1))
    (fp_line (start 0.8 0.4) (end -0.8 0.4) (layer F.Fab) (width 0.1))
    (fp_line (start -0.22 -0.51) (end 0.22 -0.51) (layer F.SilkS) (width 0.12))
    (fp_line (start -0.22 0.51) (end 0.22 0.51) (layer F.SilkS) (width 0.12))
    (fp_line (start -1.46 0.75) (end -1.46 -0.75) (layer F.CrtYd) (width 0.05))
    (fp_line (start -1.46 -0.75) (end 1.46 -0.75) (layer F.CrtYd) (width 0.05))
    (fp_line (start 1.46 -0.75) (end 1.46 0.75) (layer F.CrtYd) (width 0.05))
    (fp_line (start 1.46 0.75) (end -1.46 0.75) (layer F.CrtYd) (width 0.05))
    (fp_text user %R (at 0 0 180) (layer F.Fab)
      (effects (font (size 0.5 0.5) (thickness 0.08)))
    )
    (pad 1 smd rect (at -0.875 0 180) (size 0.67 1) (layers F.Cu F.Paste F.Mask)
      (net 26 "Net-(C19-Pad1)"))
    (pad 2 smd rect (at 0.875 0 180) (size 0.67 1) (layers F.Cu F.Paste F.Mask)
      (net 12 GND))
    (model ${KISYS3DMOD}/Capacitor_SMD.3dshapes/C_0603_1608Metric.wrl
      (at (xyz 0 0 0))
      (scale (xyz 1 1 1))
      (rotate (xyz 0 0 0))
    )
  )

  (module Package_QFP:LQFP-128_14x14mm_P0.4mm (layer F.Cu) (tedit 5A02F146) (tstamp 5AC0E4F8)
    (at 64.457559 113.77284 45)
    (descr "128 Lead LQFP 14x14 mm (see MICREL LQFP14x14-128LD-PL-1.pdf)")
    (tags "QFP 0.4")
    (path /5A5D3A85)
    (attr smd)
    (fp_text reference U4 (at 0 -9.2 45) (layer F.SilkS)
      (effects (font (size 1 1) (thickness 0.15)))
    )
    (fp_text value V3S_QFP-128 (at 0 9.2 45) (layer F.Fab)
      (effects (font (size 1 1) (thickness 0.15)))
    )
    (fp_text user %R (at 0 0 45) (layer F.Fab)
      (effects (font (size 1 1) (thickness 0.15)))
    )
    (fp_line (start -6 -7) (end 7 -7) (layer F.Fab) (width 0.15))
    (fp_line (start 7 -7) (end 7 7) (layer F.Fab) (width 0.15))
    (fp_line (start 7 7) (end -7 7) (layer F.Fab) (width 0.15))
    (fp_line (start -7 7) (end -7 -6) (layer F.Fab) (width 0.15))
    (fp_line (start -7 -6) (end -6 -7) (layer F.Fab) (width 0.15))
    (fp_line (start -8.45 -8.45) (end -8.45 8.45) (layer F.CrtYd) (width 0.05))
    (fp_line (start 8.45 -8.45) (end 8.45 8.45) (layer F.CrtYd) (width 0.05))
    (fp_line (start -8.45 -8.45) (end 8.45 -8.45) (layer F.CrtYd) (width 0.05))
    (fp_line (start -8.45 8.45) (end 8.45 8.45) (layer F.CrtYd) (width 0.05))
    (fp_line (start -7.125 -7.125) (end -7.125 -6.6) (layer F.SilkS) (width 0.15))
    (fp_line (start 7.125 -7.125) (end 7.125 -6.525) (layer F.SilkS) (width 0.15))
    (fp_line (start 7.125 7.125) (end 7.125 6.525) (layer F.SilkS) (width 0.15))
    (fp_line (start -7.125 7.125) (end -7.125 6.525) (layer F.SilkS) (width 0.15))
    (fp_line (start -7.125 -7.125) (end -6.525 -7.125) (layer F.SilkS) (width 0.15))
    (fp_line (start -7.125 7.125) (end -6.525 7.125) (layer F.SilkS) (width 0.15))
    (fp_line (start 7.125 7.125) (end 6.525 7.125) (layer F.SilkS) (width 0.15))
    (fp_line (start 7.125 -7.125) (end 6.525 -7.125) (layer F.SilkS) (width 0.15))
    (fp_line (start -7.125 -6.6) (end -8.2 -6.6) (layer F.SilkS) (width 0.15))
    (pad 1 smd rect (at -7.7 -6.2 45) (size 1 0.2) (layers F.Cu F.Paste F.Mask)
      (net 102 /SDC1_D2))
    (pad 2 smd rect (at -7.7 -5.8 45) (size 1 0.2) (layers F.Cu F.Paste F.Mask)
      (net 103 /SDC1_D1))
    (pad 3 smd rect (at -7.7 -5.4 45) (size 1 0.2) (layers F.Cu F.Paste F.Mask)
      (net 104 /SDC1_D0))
    (pad 4 smd rect (at -7.7 -5 45) (size 1 0.2) (layers F.Cu F.Paste F.Mask)
      (net 105 /SDC1_CMD))
    (pad 5 smd rect (at -7.7 -4.6 45) (size 1 0.2) (layers F.Cu F.Paste F.Mask)
      (net 106 /SDC1_CLK))
    (pad 6 smd rect (at -7.7 -4.2 45) (size 1 0.2) (layers F.Cu F.Paste F.Mask)
      (net 37 /R5))
    (pad 7 smd rect (at -7.7 -3.8 45) (size 1 0.2) (layers F.Cu F.Paste F.Mask)
      (net 38 /R4))
    (pad 8 smd rect (at -7.7 -3.4 45) (size 1 0.2) (layers F.Cu F.Paste F.Mask)
      (net 1 /MCSI_SDA))
    (pad 9 smd rect (at -7.7 -3 45) (size 1 0.2) (layers F.Cu F.Paste F.Mask)
      (net 2 /MCSI_SCL))
    (pad 10 smd rect (at -7.7 -2.6 45) (size 1 0.2) (layers F.Cu F.Paste F.Mask)
      (net 27 /MCSI_MCLK))
    (pad 11 smd rect (at -7.7 -2.2 45) (size 1 0.2) (layers F.Cu F.Paste F.Mask)
      (net 39 /R3))
    (pad 12 smd rect (at -7.7 -1.8 45) (size 1 0.2) (layers F.Cu F.Paste F.Mask)
      (net 3 +3V3))
    (pad 13 smd rect (at -7.7 -1.4 45) (size 1 0.2) (layers F.Cu F.Paste F.Mask)
      (net 40 /R2))
    (pad 14 smd rect (at -7.7 -1 45) (size 1 0.2) (layers F.Cu F.Paste F.Mask)
      (net 41 /R1))
    (pad 15 smd rect (at -7.7 -0.6 45) (size 1 0.2) (layers F.Cu F.Paste F.Mask)
      (net 77 /R0))
    (pad 16 smd rect (at -7.7 -0.2 45) (size 1 0.2) (layers F.Cu F.Paste F.Mask)
      (net 42 /G5))
    (pad 17 smd rect (at -7.7 0.2 45) (size 1 0.2) (layers F.Cu F.Paste F.Mask)
      (net 43 /G4))
    (pad 18 smd rect (at -7.7 0.6 45) (size 1 0.2) (layers F.Cu F.Paste F.Mask)
      (net 44 /G3))
    (pad 19 smd rect (at -7.7 1 45) (size 1 0.2) (layers F.Cu F.Paste F.Mask)
      (net 4 +1V2))
    (pad 20 smd rect (at -7.7 1.4 45) (size 1 0.2) (layers F.Cu F.Paste F.Mask)
      (net 4 +1V2))
    (pad 21 smd rect (at -7.7 1.8 45) (size 1 0.2) (layers F.Cu F.Paste F.Mask)
      (net 4 +1V2))
    (pad 22 smd rect (at -7.7 2.2 45) (size 1 0.2) (layers F.Cu F.Paste F.Mask)
      (net 45 /G2))
    (pad 23 smd rect (at -7.7 2.6 45) (size 1 0.2) (layers F.Cu F.Paste F.Mask)
      (net 46 /G1))
    (pad 24 smd rect (at -7.7 3 45) (size 1 0.2) (layers F.Cu F.Paste F.Mask)
      (net 47 /G0))
    (pad 25 smd rect (at -7.7 3.4 45) (size 1 0.2) (layers F.Cu F.Paste F.Mask)
      (net 4 +1V2))
    (pad 26 smd rect (at -7.7 3.8 45) (size 1 0.2) (layers F.Cu F.Paste F.Mask)
      (net 4 +1V2))
    (pad 27 smd rect (at -7.7 4.2 45) (size 1 0.2) (layers F.Cu F.Paste F.Mask)
      (net 48 /B5))
    (pad 28 smd rect (at -7.7 4.6 45) (size 1 0.2) (layers F.Cu F.Paste F.Mask)
      (net 49 /B4))
    (pad 29 smd rect (at -7.7 5 45) (size 1 0.2) (layers F.Cu F.Paste F.Mask)
      (net 3 +3V3))
    (pad 30 smd rect (at -7.7 5.4 45) (size 1 0.2) (layers F.Cu F.Paste F.Mask)
      (net 50 /B3))
    (pad 31 smd rect (at -7.7 5.8 45) (size 1 0.2) (layers F.Cu F.Paste F.Mask)
      (net 51 /B2))
    (pad 32 smd rect (at -7.7 6.2 45) (size 1 0.2) (layers F.Cu F.Paste F.Mask)
      (net 52 /B1))
    (pad 33 smd rect (at -6.2 7.7 135) (size 1 0.2) (layers F.Cu F.Paste F.Mask)
      (net 53 /B0))
    (pad 34 smd rect (at -5.8 7.7 135) (size 1 0.2) (layers F.Cu F.Paste F.Mask)
      (net 54 /VSYNC))
    (pad 35 smd rect (at -5.4 7.7 135) (size 1 0.2) (layers F.Cu F.Paste F.Mask)
      (net 55 /HSYNC))
    (pad 36 smd rect (at -5 7.7 135) (size 1 0.2) (layers F.Cu F.Paste F.Mask)
      (net 56 /ENAB))
    (pad 37 smd rect (at -4.6 7.7 135) (size 1 0.2) (layers F.Cu F.Paste F.Mask)
      (net 57 /DCLK))
    (pad 38 smd rect (at -4.2 7.7 135) (size 1 0.2) (layers F.Cu F.Paste F.Mask)
      (net 4 +1V2))
    (pad 39 smd rect (at -3.8 7.7 135) (size 1 0.2) (layers F.Cu F.Paste F.Mask)
      (net 88 /UART2_TX))
    (pad 40 smd rect (at -3.4 7.7 135) (size 1 0.2) (layers F.Cu F.Paste F.Mask)
      (net 89 /UART2_RX))
    (pad 41 smd rect (at -3 7.7 135) (size 1 0.2) (layers F.Cu F.Paste F.Mask)
      (net 90 /UART2_RTS))
    (pad 42 smd rect (at -2.6 7.7 135) (size 1 0.2) (layers F.Cu F.Paste F.Mask)
      (net 91 /UART2_CTS))
    (pad 43 smd rect (at -2.2 7.7 135) (size 1 0.2) (layers F.Cu F.Paste F.Mask)
      (net 28 /LCD_BL_W))
    (pad 44 smd rect (at -1.8 7.7 135) (size 1 0.2) (layers F.Cu F.Paste F.Mask)
      (net 29 /LCD_BL_R))
    (pad 45 smd rect (at -1.4 7.7 135) (size 1 0.2) (layers F.Cu F.Paste F.Mask)
      (net 92 /I2C0_SCL))
    (pad 46 smd rect (at -1 7.7 135) (size 1 0.2) (layers F.Cu F.Paste F.Mask)
      (net 93 /I2C0_SDA))
    (pad 47 smd rect (at -0.6 7.7 135) (size 1 0.2) (layers F.Cu F.Paste F.Mask)
      (net 4 +1V2))
    (pad 48 smd rect (at -0.2 7.7 135) (size 1 0.2) (layers F.Cu F.Paste F.Mask)
      (net 94 /UART0_TX))
    (pad 49 smd rect (at 0.2 7.7 135) (size 1 0.2) (layers F.Cu F.Paste F.Mask)
      (net 95 /UART0_RX))
    (pad 50 smd rect (at 0.6 7.7 135) (size 1 0.2) (layers F.Cu F.Paste F.Mask)
      (net 3 +3V3))
    (pad 51 smd rect (at 1 7.7 135) (size 1 0.2) (layers F.Cu F.Paste F.Mask)
      (net 4 +1V2))
    (pad 52 smd rect (at 1.4 7.7 135) (size 1 0.2) (layers F.Cu F.Paste F.Mask)
      (net 109 /SPI_MISO))
    (pad 53 smd rect (at 1.8 7.7 135) (size 1 0.2) (layers F.Cu F.Paste F.Mask)
      (net 111 /SPI_SCK))
